[mapproperties]

centerlng=118.476388447931
centerlat=30.3158026547309
