[mapproperties]

centerlng=100.058464735482
centerlat=36.5320403993846
